K00124:4:1:410:HFLJCBBXX:6:1123:23003:7304:I09+0+0:J09+0+0:U01+0+0+0:V25+0+0+0	163	chr7	116411921	255	76M	=	116411921	76	TTCGCTACGATGCAAGAGTACACACTCCTCATTTGGATAGGCTTGTAAGTGCCCGAAGTGTAAGCCCAACTACAGA	JJJJJJJJJJJJJJJJJJJJJJJJJJJJJJJJJJJJJJJJJJJJJJJJJJJJJJJJJJIJJJJJJJJJJJJJJJJI	NH:i:1	HI:i:1	AS:i:150	nM:i:0	ZB:i:13	ZC:f:0.146067	MC:Z:76M	ZD:i:10	ZE:i:3	NM:i:0	MD:Z:76
K00124:4:1:410:HFLJCBBXX:6:1123:23003:7304:I09+0+0:J09+0+0:U01+0+0+0:V25+0+0+0	83	chr7	116411921	255	76M	=	116411921	-76	TTCGCTACGATGCAAGAGTACACACTCCTCATTTGGATAGGCTTGTAAGTGCCCGAAGTGTAAGCCCAACTACAGA	JJJJJJJJJJJJJJJJJJJJJJIJJJJJJJJJJJJJJJJJJJJJJJJJJJJJJJJJJJJJJJJJJJJJJJJJJJJJ	NH:i:1	HI:i:1	AS:i:150	nM:i:0	ZA:i:10	ZB:i:3	ZC:f:0.146067	MC:Z:76M	ZE:i:13	NM:i:0	MD:Z:76
K00124:11:1:410:HFLJCBBXX:6:1102:11160:2364:I09+0+0:J09+0+0:U07+0+0+0:V10+0+0+0	99	chr7	116411935	255	109M2891N10M	=	116414979	3164	AGAGTACACACTCCTCATTTGGATAGGCTTGTAAGTGCCCGAAGTGTAAGCCCAACTACAGAAATGGTTTCAAATGAATCTGTAGACTACCGAGCTACTTTTCCAGAAGATCAGTTTCC	JJJJJJJJJIJIJJJJJJJJJJIJJJJJJIIJJJIJJIJJJJJJJJJJIJJHIIJJJJIIIJJJJJJIJJJJJJJJJJJJIJJJJJJJIJIJJJJIIJJJJJHIJJJJJIJIJJFHIJI	NH:i:1	HI:i:1	AS:i:238	nM:i:0	MC:Z:120M	NM:i:0	MD:Z:119
