LH00328:6:2:51:22CYY5LT3:1:1231:6797:17903:I21+0+0:J13+0+0:U17+0+0+0:V32+0+0+0	99	chr7	116411619	255	90M3226N11M	=	116411628	3327	GATTGATTGCTGGTGTTGTCTCAATATCAACAGCACTGTTATTACTACTTGGGTTTTTCCTGTGGCTGAAAAAGAGAAAGCAAATTAAAGATAACCGTCCT	FFFFFFFFFFFFFFFFFFFFFFFFFFFFFFFFFFFFFFFFFFFFFFFFFFFFFFFFFFFFFFFFFFFFFFFFFFFFFFFFFFFFFFFFFFFFFFFFFFFFF	NH:i:1	HI:i:1	AS:i:178	nM:i:8	ZB:i:20	ZC:f:0.165289	MC:Z:81M3226N11M	ZE:i:26	NM:i:4	MD:Z:92C1G0T0T4
LH00328:6:2:51:22CYY5LT3:1:1231:6797:17903:I21+0+0:J13+0+0:U17+0+0+0:V32+0+0+0	147	chr7	116411628	255	81M3226N11M	=	116411619	-3327	CTGGTGTTGTCTCAATATCAACAGCACTGTTATTACTACTTGGGTTTTTCCTGTGGCTGAAAAAGAGAAAGCAAATTAAAGATAACCGTCCT	FFFFFFFFFFFFFFFFFFFFFFFFFFFFFFFFFFFFFFFFFFFFFFFFFFFFFFFFFFFFFFFFFFFFFFFFFFFFFFFFFFFFFFFFFFFF	NH:i:1	HI:i:1	AS:i:178	nM:i:8	ZB:i:26	ZC:f:0.220339	MC:Z:90M3226N11M	ZE:i:20	NM:i:4	MD:Z:83C1G0T0T4
